#avgPath	avgEndpointPerPath	GETrate	POSTrate	DELETErate	PUTrate	HEADrate	PATCHrate	OPTIONrate TRACErate Avg(All)	Max(All)	Max(AvgHierarchy) "no_","lowercase","noVersion","noAPI","noCRUD","noSuffix","noEnd/"
ALLRESULT=19.87,1.394,0.5554,0.264,0.0702,0.0709,0.0044,0.0345,0.0005,0,4.84,19,16,0.94,0.31,0.98,0.91,0.93,0.83,0.99
ANALYTICS=16.16666667,1.238036022,0.456033124,0.46450678,0.030031661,0.033002216,0,0.016426219,0,0,3.31,9,7.12,0.83 ,0.46 ,0.49 ,1.00 ,0.93 ,0.92 ,1.00 
CLOUD=14.52166065,1.472202497,0.496676668,0.266335016,0.088420105,0.095631427,0.006646248,0.046280222,1.03E-05,0,6.27,19,16,0.96 ,0.10 ,0.92 ,0.93 ,0.91 ,1.00 ,1.00 
COLLABORATION=74.88,1.401750831,0.541474607,0.262479012,0.086793071,0.061293153,0,0.047960156,0,0,2.96,9,5.26,0.89 ,0.63 ,0.76 ,0.87 ,0.95 ,1.00 ,0.98 
ECOMMERCE=24.4375,1.082966775,0.280102424,0.667755586,0.024623195,0.027518794,0,0,0,0,1.57,7,3.89,0.93 ,0.37 ,0.94 ,0.94 ,0.81 ,0.91 ,1.00 
ENTERTAINMENT=14.6557377,1.059227799,0.890874512,0.085990842,0.008381106,0.012281113,0,0.002472426,0,0,2.71,7,4.5,0.96 ,0.37 ,0.90 ,0.98 ,1.00 ,1.00 ,0.98 
FINANCIAL=46.94117647,1.254653846,0.662249863,0.211158862,0.041089355,0.050978668,0.014705882,0.006745474,0.013071895,0,2.92,10,6.09,0.89 ,0.65 ,0.74 ,0.82 ,0.95 ,0.97 ,1.00
HOSTING=19,1.065992585,0.725167995,0.220937509,0.027368937,0.02652556,0,0,0,0,1.95,5,4,0.86 ,0.78 ,0.86 ,0.86 ,0.98 ,1.00 ,1.00 
LOCATION=11.90322581,1.110237111,0.816642366,0.127525784,0.016691844,0.024798187,0,0.006661327,0.007680492,0,2.37,12,5.88,0.88 ,0.64 ,0.87 ,0.95 ,0.93 ,1.00 ,0.98 
MEDIA=24.61290323,1.130789903,0.759185259,0.181028737,0.036231288,0.020850297,0.000537634,0.002166785,0,0,2.43,10,7.54,0.91 ,0.81 ,0.79 ,0.94 ,0.94 ,0.83 ,0.94 
MESSAGING=26.51515152,1.270726853,0.545493421,0.320023057,0.074389978,0.053495865,0,0.00659768,0,0,2.6,10,6.37,0.94 ,0.80 ,0.64 ,0.94 ,0.94 ,0.91 ,1.00 
OPEN_DATA=16.14159292,1.207881565,0.783199887,0.167008742,0.022115018,0.011598686,0.000356441,0.015721226,0,0,2.29,12,6.12,0.83 ,0.73 ,0.74 ,0.96 ,0.90 ,0.91 ,0.93 
SEARCH=14.03333333,1.232104352,0.652175359,0.246332818,0.048081216,0.036076041,0,0.017334565,0,0,2.57,7,4.53,0.91 ,0.71 ,0.43 ,0.97 ,0.98 ,0.97 ,0.97 
SECURITY=9.043478261,1.457026066,0.40655719,0.42670648,0.085182372,0.05296859,0.00621118,0.022374188,0,0,2.44,6,4.79,0.98 ,0.67 ,0.39 ,0.93 ,0.91 ,1.00 ,0.98 
SOCIAL=29,1.280573755,0.597025172,0.272733031,0.057861654,0.064241615,0,0.008138528,0,0,2.8,8,5.33,0.86 ,0.68 ,0.76 ,0.95 ,0.83 ,0.87 ,0.96 
TEXT=14.22857143,1.273637057,0.440179793,0.501903731,0.029605082,0.019908032,0,0.008403361,0,0,2.28,8,5,0.92 ,0.69 ,0.74 ,0.86 ,0.97 ,0.94 ,0.97 
TOOLS=38,1.354497354,0.386714976,0.497222222,0.070531401,0.045531401,0,0,0,0,1.78,5,2.59,0.72 ,0.90 ,1.00 ,1.00 ,1.00 ,1.00 ,0.98

server.port=9000

PAGEPARANAMES=limit,offset,page,range,pagesize,pagestartindex,before,after
VERSIONPATH_REGEX =v(ers?|ersion)?[0-9.]+
SEMANTICVERSION_REGEX=v(ers?|ersion)?[0-9.]+(-?(alpha|beta|rc)([0-9.]\\+?[0-9]?|[0-9]?))?
#根据统计结果排序
CRUDNAMES=get,create,add,update,put,post,remove,delete, new, set,push,read,drop,modify
DELLIST=target,budget,widget,gadget;;address,addon,addition;updates;compute,output,input,reputation,dispute;postal,posts,postgresql,postroll;;deleted;news,renewal;setting,setup,asset,settle,setlist,sets,dataset,preset;;thread,readme,spread,readouts,reader;dropped;
SUFFIX_NAMES=.json,.html,.js,.php,.xml,.gif,.jpg,.txt,.png,.java,.jsp,.asp,.zip

#API评估得分计算
WA=0.4
WA1=0.4
WA2=0.2
WA3=0.3
WA4=0.1
WB=0.4 
WB1=0.6
WB2=0.4
WC=0.1
WC1=0.4
WC2=0.6
WD=0.1
WD1=0.4
WD2=0.3
WD3=0.3
BENCHMARK=0.8
#默认类型/名称值
STRING=rester
UUID=d6d93d824c493b4b904fae88c2665a59
DATE=2020-10-11
URL=www.baidu.com
KEY=7e19cd009d2c475697475ce1d633baf1
TOKEN=1a7a504fec5fe2668f62e2ad74755f33
NO=4
EMAIL=xinyu.29@qq.com